100
0   4114    4653
1   3258    4279
2   1120    2316
3   4257    4797
4   1728    1538
5   2002    3347
6   3359    4224
7   3096    1018
8   2516    2767
9   4004    4162
10  1197    2065
11  3290    2127
12  2674    3081
13  4423    4855
14  4315    4958
15  1371    2938
16  2922    4856
17  2849    4668
18  2387    464
19  4349    231
20  3322    4692
21  3471    3532
22  2622    2254
23  1893    4484
24  1713    4183
25  2607    4264
26  2028    4479
27  4942    1033
28  2540    3417
29  1013    3756
30  1670    3830
31  4949    4426
32  4888    1988
33  1621    4216
34  2624    3244
35  4283    3541
36  1125    1728
37  2202    4243
38  4373    3711
39  4861    1472
40  2881    1798
41  1830    1470
42  3300    2681
43  4232    3809
44  4568    2959
45  1306    417
46  4775    2714
47  4284    2883
48  2133    2217
49  4845    3976
50  2475    2606
51  2081    2437
52  3155    489
53  1106    3426
54  3910    3688
55  3033    1643
56  1512    1432
57  2844    4636
58  1524    2980
59  3292    3888
60  4579    2060
61  4291    2280
62  4853    449
63  3893    4422
64  1783    2459
65  2078    3615
66  2762    4408
67  4891    1311
68  1523    1299
69  1920    1871
70  3876    3065
71  1772    3746
72  3488    1710
73  1865    1991
74  2605    3332
75  4615    4086
76  1551    2103
77  4520    2562
78  4385    4348
79  3883    3777
80  3430    1027
81  1048    4654
82  4301    4060
83  4224    4792
84  3780    3568
85  2384    1872
86  4968    3611
87  1340    2271
88  3985    3503
89  3153    1061
90  3616    2902
91  2256    1899
92  3013    3172
93  3705    2200
94  4275    3072
95  1500    2667
96  3177    4164
97  3636    3536
98  2411    3831
99  4733    4265

